%YAML:1.0

# for TUM

# Camera calibration and distortion parameters
Camera.model: "pinhole" # "pinhole" or "atan"
Camera.fps: 30.0
Camera.resolution: [640, 480] # width height
Camera.intrinsics: [517.306, 516.469, 318.643, 255.313989] #fu, fv, cu, cv
Camera.distortion_coefficients: [0.262383, -0.953104, -0.005358, 0.002628]

# Sensor extrinsics wrt. the body-frame.
Camera.T_BC: [0.0148655429818, -0.999880929698, 0.00414029679422, -0.0216401454975,
              0.999557249008, 0.0149672133247, 0.025715529948, -0.064676986768,
              -0.0257744366974, 0.00375618835797, 0.999660727178, 0.00981073058949,
              0.0, 0.0, 0.0, 1.0]
