%YAML:1.0

# for EuRoc cam0

# Camera calibration and distortion parameters
Camera.model: "pinhole" # "pinhole" or "atan"
Camera.fps: 30.0
Camera.resolution: [640, 480] # width height
Camera.intrinsics: [520.908, 521.007, 325.141, 249.701] #fu, fv, cu, cv
Camera.distortion_coefficients: [0.231222, -0.784899, -0.003257, -0.000105]

# Sensor extrinsics wrt. the body-frame.
Camera.T_BC: [0.0148655429818, -0.999880929698, 0.00414029679422, -0.0216401454975,
              0.999557249008, 0.0149672133247, 0.025715529948, -0.064676986768,
              -0.0257744366974, 0.00375618835797, 0.999660727178, 0.00981073058949,
              0.0, 0.0, 0.0, 1.0]
